# /dev/cpu_dma_latency set to 0us
# Histogram
000000 000000	000000	000000	000000
000001 000000	000000	000000	000000
000002 000000	000000	000000	000000
000003 000000	000000	000000	000000
000004 000000	000000	000000	000000
000005 000202	000166	000168	000153
000006 000066	000041	000142	000040
000007 000277	000352	000272	000410
000008 000033	000035	000020	000028
000009 000013	000014	000018	000005
000010 000007	000007	000010	000012
000011 000010	000009	000012	000011
000012 000399	000141	000153	000069
000013 011126	011506	009687	003908
000014 001773	003378	001138	000253
000015 005646	004674	007292	002081
000016 030027	040311	028440	049503
000017 034599	028255	044901	036530
000018 007423	007348	005301	004801
000019 003526	002221	000923	000845
000020 001158	000599	000343	000252
000021 001216	000192	000276	000155
000022 000707	000116	000173	000085
000023 000304	000066	000081	000039
000024 000208	000045	000075	000064
000025 000161	000044	000117	000045
000026 000167	000057	000111	000067
000027 000111	000038	000085	000148
000028 000142	000035	000080	000130
000029 000076	000026	000054	000099
000030 000075	000029	000026	000081
000031 000063	000029	000030	000055
000032 000032	000027	000017	000035
000033 000032	000020	000013	000022
000034 000037	000017	000009	000010
000035 000029	000009	000005	000004
000036 000023	000011	000005	000006
000037 000023	000007	000003	000007
000038 000019	000010	000001	000001
000039 000018	000005	000001	000001
000040 000020	000001	000002	000001
000041 000020	000003	000001	000003
000042 000019	000001	000001	000002
000043 000012	000003	000001	000000
000044 000011	000003	000001	000002
000045 000009	000003	000001	000001
000046 000011	000006	000000	000001
000047 000011	000014	000001	000000
000048 000012	000010	000001	000000
000049 000004	000013	000000	000001
000050 000012	000020	000000	000001
000051 000004	000011	000000	000003
000052 000005	000004	000000	000001
000053 000005	000006	000000	000002
000054 000000	000006	000000	000000
000055 000005	000006	000000	000000
000056 000011	000008	000000	000000
000057 000003	000005	000000	000002
000058 000007	000003	000000	000000
000059 000006	000002	000000	000000
000060 000010	000003	000000	000001
000061 000006	000000	000000	000000
000062 000003	000003	000000	000001
000063 000002	000002	000000	000001
000064 000004	000003	000000	000000
000065 000004	000002	000000	000000
000066 000002	000003	000000	000002
000067 000001	000000	000000	000001
000068 000006	000001	000000	000000
000069 000008	000001	000000	000001
000070 000002	000001	000000	000001
000071 000001	000000	000000	000000
000072 000002	000002	000000	000000
000073 000006	000002	000001	000000
000074 000001	000001	000000	000001
000075 000002	000000	000001	000000
000076 000001	000001	000000	000000
000077 000003	000000	000001	000001
000078 000002	000000	000000	000001
000079 000003	000001	000000	000001
000080 000002	000002	000001	000000
000081 000000	000000	000000	000001
000082 000002	000000	000000	000001
000083 000001	000000	000000	000000
000084 000002	000000	000000	000000
000085 000001	000000	000000	000001
000086 000000	000000	000001	000000
000087 000001	000000	000000	000000
000088 000001	000000	000000	000000
000089 000000	000000	000001	000000
000090 000000	000000	000000	000000
000091 000000	000001	000000	000000
000092 000000	000000	000000	000000
000093 000000	000000	000000	000000
000094 000000	000000	000000	000001
000095 000000	000000	000000	000000
000096 000000	000001	000000	000000
000097 000000	000000	000000	000000
000098 000000	000000	000000	000000
000099 000000	000000	000000	000000
# Total: 000099994 000099998 000099997 000099991
# Min Latencies: 00005 00005 00005 00005
# Avg Latencies: 00016 00016 00016 00016
# Max Latencies: 00165 00162 00146 00238
# Histogram Overflows: 00006 00002 00003 00009
# Histogram Overflow at cycle number:
# Thread 0: 01088 02037 26197 79727 89888 91896
# Thread 1: 01187 01188
# Thread 2: 01082 70085 86426
# Thread 3: 00225 00552 01048 01084 01112 01140 01154 01198 01226

