Histogram of latencies measured:
1 , 0
2 , 0
3 , 0
4 , 0
5 , 0
6 , 0
7 , 0
8 , 0
9 , 0
10 , 0
11 , 0
12 , 0
13 , 0
14 , 0
15 , 0
16 , 0
17 , 0
18 , 0
19 , 0
20 , 0
21 , 0
22 , 0
23 , 0
24 , 0
25 , 0
26 , 0
27 , 0
28 , 0
29 , 3
30 , 3
31 , 7
32 , 13
33 , 5
34 , 6
35 , 5
36 , 9
37 , 9
38 , 7
39 , 6
40 , 0
41 , 2
42 , 1
43 , 3
44 , 1
45 , 2
46 , 0
47 , 1
48 , 2
49 , 1
50 , 0
51 , 1
52 , 5
53 , 5
54 , 3
55 , 2
56 , 0
57 , 0
58 , 0
59 , 0
60 , 2
61 , 0
62 , 0
63 , 0
64 , 1
65 , 1
66 , 13
67 , 34
68 , 35
69 , 110
70 , 313
71 , 580
72 , 442
73 , 346
74 , 361
75 , 254
76 , 190
77 , 140
78 , 122
79 , 89
80 , 45
81 , 43
82 , 54
83 , 44
84 , 42
85 , 43
86 , 22
87 , 20
88 , 12
89 , 31
90 , 132
91 , 135
92 , 124
93 , 105
94 , 75
95 , 53
96 , 23
97 , 21
98 , 28
99 , 14
100 , 17
101 , 13
102 , 21
103 , 7
104 , 6
105 , 10
106 , 11
107 , 10
108 , 8
109 , 6
110 , 4
111 , 3
112 , 8
113 , 2
114 , 3
115 , 4
116 , 9
117 , 10
118 , 41
119 , 57
120 , 64
121 , 63
122 , 73
123 , 46
124 , 31
125 , 37
126 , 21
127 , 21
128 , 17
129 , 8
130 , 9
131 , 7
132 , 13
133 , 6
134 , 7
135 , 4
136 , 7
137 , 5
138 , 4
139 , 3
140 , 4
141 , 3
142 , 4
143 , 6
144 , 3
145 , 2
146 , 2
147 , 3
148 , 1
149 , 0
150 , 3
151 , 3
152 , 5
153 , 3
154 , 1
155 , 2
156 , 3
157 , 2
158 , 0
159 , 0
160 , 0
161 , 1
162 , 1
163 , 0
164 , 2
165 , 1
166 , 2
167 , 0
168 , 1
169 , 2
170 , 1
171 , 1
172 , 1
173 , 0
174 , 3
175 , 0
176 , 1
177 , 0
178 , 1
179 , 0
180 , 2
181 , 1
182 , 0
183 , 0
184 , 0
185 , 0
186 , 0
187 , 2
188 , 2
189 , 0
190 , 1
191 , 0
192 , 0
193 , 0
194 , 1
195 , 0
196 , 1
197 , 1
198 , 2
199 , 2
200 , 0
201 , 1
202 , 0
203 , 0
204 , 0
205 , 0
206 , 1
207 , 2
208 , 0
209 , 1
210 , 0
211 , 0
212 , 0
213 , 0
214 , 0
215 , 0
216 , 0
217 , 0
218 , 0
219 , 0
220 , 0
221 , 1
222 , 0
223 , 1
224 , 0
225 , 0
226 , 0
227 , 0
228 , 0
229 , 0
230 , 0
231 , 0
232 , 0
233 , 0
234 , 1
235 , 0
236 , 0
237 , 0
238 , 0
239 , 0
240 , 0
241 , 0
242 , 0
243 , 0
244 , 0
245 , 0
246 , 0
247 , 0
248 , 0
249 , 0
250 , 0
251 , 0
252 , 0
253 , 0
254 , 0
255 , 0
256 , 0
257 , 0
258 , 0
259 , 0
260 , 0
261 , 0
262 , 0
263 , 0
264 , 0
265 , 1
266 , 0
267 , 0
268 , 0
269 , 0
270 , 1
271 , 0
272 , 0
273 , 0
274 , 0
275 , 0
276 , 0
277 , 0
278 , 0
279 , 0
280 , 0
281 , 0
282 , 0
283 , 0
284 , 0
285 , 0
286 , 0
287 , 0
288 , 1
289 , 0
290 , 0
291 , 0
292 , 0
293 , 0
294 , 0
295 , 0
296 , 0
297 , 0
298 , 0
299 , 0
300 , 0
301 , 0
302 , 0
303 , 0
304 , 0
305 , 0
306 , 0
307 , 0
308 , 0
309 , 0
310 , 0
311 , 0
312 , 0
313 , 0
314 , 0
315 , 0
316 , 0
317 , 0
318 , 0
319 , 0
320 , 0
321 , 0
322 , 0
323 , 0
324 , 0
325 , 0
326 , 0
327 , 0
328 , 0
329 , 0
330 , 0
331 , 1
332 , 0
333 , 0
334 , 0
335 , 0
336 , 0
337 , 0
338 , 0
339 , 0
340 , 0
341 , 0
342 , 0
343 , 0
344 , 0
345 , 0
346 , 0
347 , 0
348 , 0
349 , 0
350 , 0
351 , 0
352 , 0
353 , 0
354 , 0
355 , 0
356 , 0
357 , 0
358 , 0
359 , 0
360 , 0
361 , 0
362 , 0
363 , 0
364 , 0
365 , 0
366 , 0
367 , 0
368 , 0
369 , 0
370 , 0
371 , 0
372 , 0
373 , 0
374 , 0
375 , 1
376 , 0
377 , 0
378 , 0
379 , 0
380 , 0
381 , 0
382 , 0
383 , 0
384 , 0
385 , 0
386 , 0
387 , 0
388 , 0
389 , 0
390 , 0
391 , 0
392 , 0
393 , 0
394 , 0
395 , 0
396 , 0
397 , 0
398 , 0
399 , 0
400 , 0
401 , 0
402 , 0
403 , 0
404 , 0
405 , 0
406 , 0
407 , 0
408 , 0
409 , 0
410 , 0
411 , 0
412 , 0
413 , 0
414 , 0
415 , 0
416 , 0
417 , 0
418 , 0
419 , 0
420 , 0
421 , 0
422 , 0
423 , 0
424 , 0
425 , 0
426 , 0
427 , 0
428 , 0
429 , 0
430 , 0
431 , 0
432 , 0
433 , 0
434 , 0
435 , 0
436 , 0
437 , 0
438 , 0
439 , 0
440 , 0
441 , 0
442 , 0
443 , 0
444 , 1
445 , 0
446 , 0
447 , 0
448 , 0
449 , 0
450 , 0
451 , 0
452 , 0
453 , 0
454 , 0
455 , 0
456 , 0
457 , 0
458 , 0
459 , 0
460 , 0
461 , 0
462 , 0
463 , 0
464 , 0
465 , 0
466 , 0
467 , 0
468 , 0
469 , 0
470 , 0
471 , 0
472 , 0
473 , 0
474 , 0
475 , 0
476 , 0
477 , 0
478 , 0
479 , 0
480 , 0
481 , 0
482 , 0
483 , 0
484 , 0
485 , 0
486 , 0
487 , 0
488 , 0
489 , 0
490 , 0
491 , 0
492 , 0
493 , 0
494 , 0
495 , 0
496 , 0
497 , 0
498 , 0
499 , 0
500 , 0
Average latency:  86.7830262 microseconds
Maximum latency:  7456.759  microseconds
